
[PARAMETERS]
WIDTH=1200.000000
HEIGHT=1200.000000
MARGIN=20
SCALE_FACTOR=1.762558
MAX_SIZE=1600
X_OFFSET=1057.280791
Z_OFFSET=1057.954360
DRAWING_SIZE=10
